(0)(-16.7573, -49.4412)
(1)--(-18.4831, -47.3916)
(2)----(-19.1551, -45.4444)
(3)------(-20.2996, -42.4743)
(4)--------(-20.359, -43.1439)
(3)------(-19.0671, -42.5419)
(1)--(-16.197, -48.7057)
(2)----(-7.34588, -39.0416)
(3)------(-7.90072, -34.8984)
(4)--------(-11.6575, -38.0197)
(3)------(-4.22083, -38.7055)
(4)--------(-6.4282, -36.6347)
(5)----------(-5.58362, -36.914)
(3)------(-13.2488, -41.6619)
(4)--------(-8.72073, -39.1162)
(5)----------(-8.21954, -41.0831)
(3)------(-4.95333, -48.3933)
(4)--------(-6.08911, -39.448)
(4)--------(-4.94714, -47.5004)
(5)----------(-2.88769, -40.1183)
(5)----------(-1.95383, -48.1985)
(2)----(-1.72183, -48.8788)
(3)------(-9.62101, -49.1518)
(1)--(-23.3049, -50.3133)
(2)----(-27.6126, -51.0233)
(3)------(-31.8665, -54.1615)
(3)------(-26.5716, -52.3229)
(2)----(-17.396, -50.3749)
(1)--(-15.194, -56.3632)
(2)----(-9.82581, -66.8972)
